X[810.95099163  15.68698806 861.58359458 913.15862405 235.40712642
 277.15197728 618.31565704 224.31344354 453.97635268 655.23593961
 124.72310671 583.91963866 616.18905594 282.14852157 403.65996342
 212.15085149 479.4848192   76.09118588 282.44625889 988.33845847
 739.29103834 632.64966149 632.49706961 646.36915468 386.06977602
 883.46690154 589.65203039 627.3569836  303.19002475 363.9857114
 681.86336287 836.35546493 339.08414833 872.28735845 983.96688947
 870.71524703 799.2296608  157.10453244 755.77374432 387.37296026
 547.28952001 265.0313133  348.87021248 303.74091497 212.41207886
   2.56074435 722.64247026 517.05913632 945.376462   670.3358185
 823.82266375 121.46586425 198.582803   264.25217866 283.02603193
  14.88134723 943.82539525 996.34162615 961.39839566 488.62310663
 378.87975407 301.66106555 933.17655583 403.5861849  609.68704104
 359.94152446 565.04122395 972.11512992 598.03697827  99.94749463
 645.39488985 438.44654882 703.68659995  59.16197318 178.79515083
 360.61659978 369.17161471 845.97302971 706.43202082 336.73952857
 575.74044055 680.50932408 762.24864263 788.21430119 329.44635933
 588.49177623  12.27329143 304.29311568 860.12425821 695.72009469
 784.34019096 340.63811458 526.99996184 586.48733857 366.96313078
 833.01330304 754.0060022  427.73938683  23.59773978 957.52864121
  10.52153684 583.256901   690.80115102 528.2745493  980.22661528
 632.94763682 940.39408811 295.76801696 559.39547111 549.15857668
 932.14350598 466.80809273 628.87067748 705.55773472 905.94547469
 707.89107219 821.0198608  480.60276097 307.09853954 320.16601896
 244.06608395 732.49000389 442.77542331  90.42386789 436.44902417
  65.31323047 230.098348   445.02012924 423.08316566 267.91609411
 640.80695811 822.32333414  51.14182746 832.4064143  686.87085764
 375.07619721 822.48849059 453.31585267 713.30952203 605.10114188
 187.46335432 128.6663149  338.0774382  472.00298207 361.10956983
 512.23409246 442.12910557 904.59840982  80.22401526 271.0370505
 197.19312224 459.30161416 424.61252766 712.22772286 691.42074288
 763.54307963 637.35280153 636.94289518 247.81528025 616.79480547
 589.69158991  52.63416878 802.01454559 492.47393215 330.49199007
 428.2252757  910.24893684 835.84311486 964.06202911 369.88018623
 659.3161944  106.37858326 504.44665329 489.66208469 345.86099631
 732.5598171  342.60923732 193.13454255 339.88708921 160.23680793
 982.83282357 251.94889836 549.74653251 132.97939365 382.43652011
 189.81788127 458.92947345  30.41812374 990.59130377 819.84033716
 469.50227369 409.44917491 664.47206365 600.21369752 489.77034328
 792.81058192 579.11155977 921.2772582  709.29755463 125.61299694
 216.99599295 638.49461314 902.29580939 163.24292051 568.4438021
  80.9740463  277.73877211 781.972215   950.23801304 715.30680537
 777.2797879  327.49969312 490.39665148 666.61204457 232.238408
 874.11760824 845.19022331 973.89889333 488.74197727 449.52543194
 965.29307437 401.07671065 917.72473384  60.82228212 923.40654929
 539.3289447   60.24591011 685.80219438 326.96221018 968.5715322
 209.66695136 642.14734983 538.24858923 746.29643276 525.54581202
  62.31879318 127.34065555 530.04360386 566.71873461 701.3172802
 516.84192466 738.97876723 619.46066073 831.85609086 779.98587719
 445.18624215 828.0561984  433.29569259 506.40091774 983.09196271
 952.55661779 581.97378605 892.40819109 464.34478918 564.72791915
 737.2867724  927.11003233 944.13737025 246.64008209 570.09574931
  99.65200714 574.63261001 370.01535286  92.52104927 940.88867181
 241.11637667 186.19387181  46.51479007 193.5957195  548.60147947
 357.64192245 526.2902931  498.2976474  127.3441099  189.04979175
  83.93961568 126.83329478 338.63261403 533.91168076 919.14054705
   8.87434491 573.84575792 898.91168869 484.03718699 970.14198619
 314.40425478 657.91364152 158.59936646 502.16725758 432.08085548
  67.53354039 146.35625224 674.17740076 839.98376466 145.21296383
  57.06839481 581.76417717 551.93350186 649.47913783 383.75309724
 470.51567009 518.33402913 269.15995338  69.94018647 336.70380705
 851.42867297 120.91819434 294.50738422 364.78266057 633.23290181
 125.78450428 915.73225753 884.48685245 419.71247495  40.34221404
 678.90674625 418.87101794 481.76569509 138.24959656 117.96426038
 115.38687871 232.6876354  921.0727511  584.6418211  863.5236949
 175.34439851 824.02894614 477.95771511 500.9866873  602.35679315
 267.58967419 553.37012567 493.87066884 178.45231401 882.92846933
  64.06362384 357.00589793 112.87512846 367.52094445 389.56765473
 586.18824895 820.54731602 743.56570028 690.09479133 480.77826265
 139.48449507  94.48113455 216.08516936 892.25537162 306.97392304
  78.78622248 979.27431436 560.09077256 522.44016487 513.51189643
 134.98495924 424.29971168 895.11316447 392.2861245  765.35504494
 342.6365483  180.70686965 593.84536644 379.68205471 957.07964403
 122.55250402 474.63153704   5.50743385 796.91692975 449.42417058
 685.20843149  42.95419728 745.86648706 198.96310474 503.14137163
  84.69141688 715.42159086 520.44146047 979.90967324 319.72072872
 673.67834041 941.5750518  512.48743662 427.12000825 340.57879517
 139.37681194  99.14973135 708.16298297 918.14447342 336.25738777
 327.65059828 252.64536475 942.52879878  85.25165187 780.03488748
 967.00551263  57.47689861 729.12314817 556.08210127 527.50909136
   6.90160945 389.56504367 954.06983534 426.42179962 791.20252221
 635.85527421 902.45095904 758.84813408 167.43420677 672.68584821
 350.23148017 382.99372626 957.27608883 546.01222191 712.36537661
 915.23147314 337.58576481  50.56436306  52.91367099 223.1938134
 875.1102077  146.28528496 365.13386436 182.37007839  73.84842484
  65.06869137 182.10326475 651.45356155 748.86637109 984.94466871
 926.45630773 309.7832178   68.78475502 362.81020567 842.78692098
 126.3914433  385.42500134 905.11883873 869.19748382  54.03526212
 570.0497373  622.81190396 463.64915424 236.9842297  139.93848683
 933.5226648  137.87373205 636.85768383 163.36193582 521.71822814
 831.59168221 499.85715272 566.2728883  613.59315079 945.45245567
 371.16327722 737.16187155 870.7944117  447.15224723 886.07988631
 731.32745852 679.79436892 678.55248243 937.34620509 146.7475103
 939.87270694 532.53358763  32.14405281 431.48144246 550.51498226
 730.26873197  76.7865468  619.80916073 397.72184158 425.39236896
 819.04789448 275.00017602 692.93936144 723.2428778  406.90792564
 738.41481565 189.97398682 884.42888094  31.13291865 239.32290751
 855.85248114 252.09279225 659.10086762 408.57019896  83.58930836
 915.49013698 769.97689255 258.40921075  52.35007458 459.27136538
 324.16189284 576.94835594 714.44680332 204.52628656 337.5907963
 426.69731589  62.46373925 853.22919133 551.48675077 879.38318448
  59.52455576 658.14865251 277.61598493 856.74381385 804.30160964
 751.28306885 674.19275686 707.24769572 663.37489477 325.48134742
 402.80570856 451.01318833 620.89134215 779.50353788 331.17935847
 272.29829262 278.13428003 209.30536738 960.51879236 119.44399089
 725.88978261 678.13244747 557.29552122 220.39429166 752.99580155
 223.37358179 997.27104168 740.42532325 655.33818769 653.20900773
 128.44906242 952.8612975  720.81320365 407.41291319  66.45721321
 539.90083356 619.18045989 630.50392403  86.60506095 353.98853707
   4.726278   547.40474411 530.12958858 124.39978538 344.44428658
   9.58552976 185.75238539 799.30287773  15.06149894  79.53143499
 998.4112545  329.77778995 516.90687487 193.32781192 117.1748974
 708.12359658 649.16108645 971.50477247 831.5997245   56.3383423
 951.29643949 767.94668736 723.03736228 970.60505137 393.26895362
 624.46380052 827.8125937  833.32378891 744.52948337 677.81514262
  16.84905882 586.19422775 677.30576222 363.78099298 485.85420905
  50.60912151 970.23767051 990.52833893 472.66678641 423.69078204
 498.97404734 166.02358085 697.22674115 382.70337506 734.61857193
 257.30323375 158.02889305 195.10698364 406.97945633 867.19629454
 290.00570918 427.24784914 680.87098466 722.23593539 758.83686212
 311.60599851 376.19634945 635.53986015 352.05440168  12.11047575
 758.98101583 327.91453115  51.52977101 890.89523693 212.05015965
 485.05595763 648.06321294 228.55605089 921.08677639 615.91323507
 734.25305239 864.68034707 311.62494986 662.84873096 353.89519375
 145.5053613  181.18471126  36.49226588 272.3026181  251.84223509
 455.70340333 121.65467718 729.41973061 485.94933483 785.49014076
 457.29132057 743.55042865 879.40330767 479.80483737 127.77941648
 276.41035395 105.7449667  842.39140532 875.37487661 638.89929796
 891.05706249 570.82483735 467.55204614  17.88248322 803.1600022
 643.48803341 589.0631688  884.7451784  702.54703193 431.88504439
 866.5097835  125.70248561 687.82751389 473.03196343 386.42948954
 132.09246836 511.69108725 119.38216311 599.16702678 313.45532164
 843.82257984  78.03141738 419.6183901  455.82080668 551.04829471
 619.853988   627.95968796 509.85185246 492.19939659 365.03293236
  43.76936359 878.10522028 717.85853166 371.45553554 728.93796419
  80.47283421 505.40141182 206.69779354 601.92341336 606.3505167
 800.69936651 871.92698402 565.25457005 684.25104541 132.1399076
 175.59739598 347.0436724  124.42935351 835.28109844 993.40836584
 170.84755517 397.36045242 203.74586786 944.65343516  20.21162026
 158.25725643 161.91528233 615.93983943 735.08774512 951.95144034
  59.48176282  75.27932327  92.34641222  20.38147878  72.9236328
 841.63574017 918.27128311 389.35645529 320.53057273 494.91875739
 272.68390703 493.52198399  41.95010777 680.22327396 677.68030789
 258.11429739 972.13802114 604.86834882 891.23867018 329.74450801
 501.05557645 315.3535533  420.5066737   78.50186601 558.29150995
 568.18675681 839.12749066 683.12730994 374.10045218 508.3792767
  38.32619011 509.2723236  894.26641067 863.68782214 894.11743061
 456.80871454 526.64013953  11.6135313  199.12287055 880.94600912
 560.22987791 605.37089212 960.31143085 726.32950718 115.25948241
  60.94508812 103.66900906 130.13318075 472.08824107 778.36026593
 683.08152863 637.344356   574.45271286 965.97139765 242.12278655
 578.71339982 173.83410398 699.94917353 955.44443668 640.52516346
 180.25069763 384.7581954  272.88757569 923.49547224 947.6871116
 519.45957302 982.19270885 448.49084286 100.56209847 120.94948994
 115.16606558 583.49221301 852.88409196 873.47843626 474.14490287
 733.1879155  626.09358624 435.62009329 359.31247265 939.48764021
 155.7644964  233.92986711 709.02904116 783.6828464  886.72229958
 183.31866531 286.15053336 141.95866462 584.51202566  21.78120074
 192.6700039  989.26366095 319.63218683 999.03224757 996.17806548
 197.31629534 459.80942256 571.65291168 340.94691595 481.82866332
 893.88791988 641.48885739 482.68663083 881.69196515 897.90664536
 767.40324866 374.80790078 517.85754183 220.69843261 317.90762356
 494.95039804 882.33026133 351.68781229 450.29686097 932.39357275
 199.27558809 754.25680767 991.78802089 862.87680296 939.33228249
 625.3507221  814.95164741 624.14693948 693.62421588 405.16298822
 691.49606229 810.49699536 546.2300095  201.69134499 772.4672352
 743.39115699 534.444717   869.27104278 209.46783381 618.33399254
 528.62468697 962.46352455 156.12870369 306.0670342  410.55984829
 693.79355982 647.77399887 795.58711369  15.88111149 208.75187902
 412.72412753 457.92476769 588.10372426 828.67861034 362.87286929
 445.34463709 818.61231704 836.40207209 172.49119523 483.22438332
  57.64738119 842.00679047 134.32572997 277.34451575 119.53059489
  36.06142175 870.86843619 799.29697353 179.90473344 664.28363479
 241.59402067 613.20682793 138.93070306  46.38135201  63.23959055
 231.61984318 639.85076914 593.62735116  95.96187966 849.37680715
 986.92059353 574.17210755 341.3635276   63.01179479 607.93629387
 582.74215751 911.27493099 950.08086126 541.51317833 568.52301052
 557.63376388 391.1528683   52.99469539 185.65448102 792.14512317
 351.0457885  895.41265853 749.73854322  55.54354639 469.60055112
   4.87346545 404.97101418 267.24702288 501.98467459 817.1865686
 839.89831954 515.6141314  321.50399105 392.42036724 145.64895353
 404.26756752 494.65974907 528.42316128  33.30712963 481.46858977
  50.45411146 680.69843157 312.90853561 108.83549531 813.74157911
 707.26008294 772.19146776 771.81971439 748.29949386 212.06878419
  59.22442467 393.15940022 921.80373701 126.82710442 860.88953608
  77.15749421 466.94407034 779.71180052 248.2502032  746.74235405
  47.55553057 370.68929497 943.80260597 564.73436952 378.49048123
 600.16621665  46.01060427 378.45403885 565.24571484 895.03008556
  93.77495687  74.31181827 993.04872683 288.09580248 552.26978137
 848.31292801 697.53598758 670.73345318 264.68353076 666.05527931
 686.29597062 797.30427532 589.55114556 310.07417089 761.78876606
 489.77566636  63.89127401 514.14290788 804.03124959 766.93040094
 484.64795093 875.52774499 968.08430568 490.86857691 675.28319297
 938.9507452  971.12803306 314.70477012 612.86166396 964.68059988
 359.65535    810.706302   848.14134716 952.45312623  94.36796287
  60.41747337  82.41781505 119.71160538 671.54865272  42.7154257
 172.9142983  277.23904351 987.11662183 151.493288   910.15278883
 830.1895167  630.52138414 831.94805013 893.09753788 923.54342089
 881.93897725 606.36101789 781.82347486 343.46836869 812.09943697
 762.03441991 513.54837147 515.4048948  307.67041226 847.64763657]
Y[1834.07354491  248.11321248 1941.29793503 2045.88688096  692.46100278
  778.77645384 1468.30384569  675.28191858 1136.10979697 1531.78759742
  463.03152609 1390.8175098  1452.18971221  780.68991248 1025.49221644
  647.64979889 1181.63492372  373.14242906  785.07990474 2198.18045464
 1699.92703363 1493.0855889  1481.20951841 1525.21918595  994.55872021
 1986.17431603 1406.5097609  1465.87449104  831.20857007  944.08915322
 1592.60681809 1904.18730774  907.57686254 1963.99353197 2203.39482847
 1960.68385799 1814.59294169  532.81555512 1729.31023433 1003.8053366
 1315.51756276  749.33626074  913.4314918   827.02601083  638.38904405
  232.7997335  1656.73213932 1262.88474384 2095.17178819 1570.10305443
 1874.58587635  469.68035366  621.30335787  744.07352456  791.73813943
  239.47379117 2112.13162148 2208.28725608 2140.83051606 1187.14400736
  972.06355946  814.26621466 2082.57424098 1013.42475375 1435.52165329
  931.9406619  1345.63574945 2175.25415384 1417.45678318  420.49872934
 1506.45951742 1102.94838282 1624.46471718  336.88560152  583.05382018
  951.23055737  957.32935714 1908.63722392 1635.53331167  887.64241504
 1370.60219876 1583.05742808 1744.84429219 1809.79065398  880.34353185
 1392.67803655  241.05986935  836.02372719 1940.64756825 1607.76666517
 1790.04128226  903.8820354  1272.91207321 1381.08041934  952.50315139
 1881.91242038 1730.92049877 1074.0098148   272.93408604 2137.12251922
  234.2253343  1385.4428748  1603.88132402 1284.79501205 2171.82329869
 1477.06954822 2103.8177924   810.29002956 1349.04765427 1318.30161802
 2077.97444281 1156.06861602 1468.75700952 1640.80096255 2035.49159258
 1633.31055622 1853.39332529 1175.51131575  836.31894917  860.00824171
  715.00688774 1678.95726941 1105.95963577  399.33495962 1093.74668765
  353.14979585  678.40364283 1106.80407608 1070.79783983  742.72110777
 1502.94230186 1864.49147156  318.27089528 1881.88562295 1601.17921226
  971.14126007 1868.856668   1128.71880739 1651.14339837 1422.11508542
  599.65001809  482.72982515  896.85397378 1158.45776771  934.57618839
 1244.23683687 1102.04409679 2020.46173778  367.98985208  760.64332505
  616.88593862 1139.49600792 1070.14624084 1657.1018494  1612.72814829
 1737.51633833 1481.46922304 1482.9015316   722.20120587 1457.58560863
 1399.27231905  333.56435318 1826.55036671 1214.57927372  866.67135645
 1072.7403648  2036.09478514 1891.9782256  2143.18595536  958.18450733
 1541.39142139  443.81277474 1230.19213898 1208.26962352  900.42989137
 1689.48812298  903.40004353  608.90512688  912.64265495  537.21066207
 2191.08090428  720.44734779 1318.9519347   500.09645465  994.79215174
  596.25579914 1137.49424744  272.9404041  2203.51384375 1859.65606522
 1157.97453424 1042.46731692 1545.37360931 1426.44516807 1199.87476362
 1795.60465117 1385.59666562 2052.68518039 1639.04161285  477.41517877
  659.21524785 1496.71240044 2012.83822285  558.88742134 1360.74760295
  376.91795585  774.58248079 1791.61564742 2128.52201693 1655.82750757
 1776.34265795  885.14634598 1203.04672515 1556.65988179  674.80944136
 1974.23955204 1908.78091903 2159.81986438 1183.75335889 1122.15216281
 2144.88493235 1024.94594382 2060.12461661  339.94685779 2072.62105038
 1304.59610323  335.35743268 1597.02878845  871.34374378 2144.6582995
  651.11584482 1503.29560096 1285.9376144  1712.86065569 1275.31721863
  343.94772486  474.40136262 1287.2562741  1358.23233709 1618.04713077
 1257.00002363 1700.46723739 1456.64576046 1882.60810621 1762.1084752
 1106.93990833 1884.72355179 1086.25937876 1240.67624251 2179.73224217
 2120.48020816 1381.09294958 2000.74579313 1146.34161732 1353.44912874
 1702.55819159 2064.87659707 2102.62110958  712.25518614 1370.16761309
  412.32406612 1369.93732929  958.57930032  399.14740092 2099.93616764
  704.07934198  592.23721763  310.59960098  601.50671343 1313.94526613
  941.27276644 1276.6030129  1216.80868229  479.58133337  595.04601725
  390.62621029  477.01455303  885.86567942 1294.95398574 2057.68951281
  241.28638159 1367.72802032 2016.1076459  1196.07913604 2158.30267751
  849.72873104 1535.87288901  540.57717743 1227.23762699 1091.67294585
  360.76441254  516.95677342 1569.2221795  1898.67426155  522.74291809
  332.97889863 1386.02950544 1323.41991701 1518.34877119  992.17064064
 1164.71279769 1263.16016542  766.70872628  358.30581397  897.1425858
 1932.14816866  454.83367873  815.76310597  943.93019689 1488.19145054
  473.21765606 2047.55404778 1987.37553371 1059.85201587  302.83387855
 1586.15178639 1048.03901454 1188.20831259  496.73482281  459.49213361
  444.80222926  684.08014143 2063.00213535 1392.60734766 1941.83120524
  559.18175759 1855.49461472 1170.71901082 1229.601986   1427.50498431
  758.03852815 1326.43873332 1210.21839789  585.6330641  1991.70932663
  354.28574039  937.93829708  444.67258315  964.94816873 1000.63629231
 1392.35555904 1860.55485167 1702.57498366 1603.18788161 1178.56637459
  495.00414472  408.80055673  640.45940431 2015.21971253  832.82799028
  377.48392223 2178.10730923 1337.37065579 1267.66280842 1240.82724621
  486.31535527 1070.4605021  2008.79652733 1007.74747038 1752.87372761
  918.93269832  569.45784824 1403.19636478  978.58334202 2137.37738279
  472.17770247 1170.71946967  233.93165759 1817.42700306 1132.55368366
 1588.92045626  309.90538852 1727.04005221  624.63162273 1227.98111415
  388.22683142 1645.37398041 1255.70961443 2177.14810058  858.12819594
 1552.5608405  2092.90169216 1249.8821095  1079.40206168  905.18894378
  501.25995984  416.06621699 1636.67618708 2052.98255186  894.95368341
  874.91255767  724.17927937 2112.71487214  388.97680409 1788.24446516
 2163.32781033  347.84869859 1682.48923114 1345.30623136 1269.11332054
  232.825819    995.79403144 2120.91829068 1069.92941132 1810.28241418
 1502.60361    2015.11068737 1735.40726474  565.54260643 1564.55505133
  915.95349019  994.81712098 2135.96706989 1321.12168725 1649.44229433
 2050.03221856  883.32648315  318.58773611  331.46481174  665.59873951
 1967.69020604  501.43414865  944.45801451  585.04110663  367.78092324
  352.51349303  578.281777   1516.49120584 1718.17176813 2192.29061962
 2075.19981794  838.04019939  350.06237307  942.04433644 1908.94327088
  473.12606981  987.8693474  2034.49899151 1955.69107814  323.136253
 1353.35863739 1464.57403375 1143.96897304  695.88779357  489.31973249
 2075.89762286  502.11400618 1494.93503818  554.22676551 1261.81855492
 1888.91356395 1221.24353205 1356.75783782 1450.38006979 2111.01751875
  957.0906065  1694.72476413 1964.28345753 1118.74676154 1996.39354601
 1679.61292078 1575.50063268 1583.29761751 2098.15505255  518.04204081
 2093.29212957 1270.35322475  290.7934393  1074.6451023  1323.40521296
 1670.27786645  379.42870557 1451.99595715 1018.54057943 1068.58459366
 1855.44926339  764.55524191 1609.15585014 1668.15028391 1040.46365949
 1703.65110744  600.26654916 1988.25514319  268.17785983  695.6497481
 1935.84036305  735.04104968 1537.82909065 1029.08506824  377.09019359
 2049.5345598  1769.18937288  730.00775625  319.26884612 1145.95062231
  858.19546994 1374.06244679 1643.07746993  628.16893952  895.91619991
 1067.35767371  349.39503218 1930.6176787  1322.69745503 1978.16639901
  348.9332843  1526.37465818  766.51606531 1935.80801399 1829.46571777
 1717.06594773 1570.08630376 1640.40488388 1544.59983524  865.09179844
 1029.76445401 1125.17082255 1445.89824438 1784.96405969  881.47886141
  766.2341089   775.01652272  641.51196776 2142.51832334  458.66238505
 1661.41312282 1575.50932824 1335.11925017  655.86058494 1720.6775943
  657.94357115 2222.2024117  1697.18290094 1526.40121088 1525.90113328
  478.598042   2123.39471727 1658.84965296 1039.74099321  348.33110998
 1305.33486374 1466.35047708 1477.81346713  395.70870467  932.3739136
  242.05225022 1321.40579733 1277.28645387  458.54117148  911.28625376
  224.33102585  578.42121198 1823.08284621  249.88284187  380.2013633
 2212.37542605  889.57564295 1244.74145149  613.82158774  459.36173384
 1640.4616859  1516.66575271 2172.46728305 1883.57929068  340.45545743
 2130.99184109 1760.19547649 1669.41863187 2167.47509172 1005.0567299
 1482.45167065 1873.44429441 1890.70748737 1707.63333331 1571.58575234
  249.61031125 1387.39608058 1582.14672094  951.19179443 1193.27819833
  319.47419399 2158.27017621 2189.88929213 1169.26717629 1064.68382349
 1214.27832207  554.52328146 1623.41105099  988.59517893 1691.25182308
  736.13580374  532.1250796   608.34728824 1037.07025504 1967.9410832
  806.45139499 1067.6901861  1581.96919697 1659.09855362 1733.27918955
  837.41774884  968.68147931 1490.45981618  921.51215739  248.07635234
 1743.9555993   873.7796812   328.21582946 2009.56356331  630.80999074
 1181.55111976 1521.2741774   679.28301688 2064.3615038  1451.60101671
 1690.12235105 1953.83526523  846.378002   1538.01616155  930.36232799
  500.92763216  587.16757963  293.90631314  772.95949485  714.79250271
 1128.31658439  467.95386746 1677.72711718 1187.15480664 1785.47702417
 1138.1169693  1708.14884952 1984.92907405 1194.32412621  484.13361643
  761.8222928   439.56345888 1907.05729974 1967.12870367 1493.46554847
 1995.93410598 1367.90879973 1162.86185892  256.72256348 1826.13137945
 1512.07594776 1404.76103939 1991.95493607 1629.86086407 1085.84219914
 1954.03203084  469.35927729 1592.71012347 1163.91714093  981.74865264
  480.84428289 1247.57963025  456.72373662 1418.39805081  844.46384576
 1909.11963088  380.73442635 1059.34041559 1136.81386014 1334.06552669
 1449.95893227 1480.47179093 1241.10001893 1200.68286259  961.59911619
  309.61191025 1970.61992654 1654.11846987  956.22408268 1681.81686733
  369.07205428 1231.76681193  633.65221075 1425.50474704 1442.1959906
 1828.20870373 1959.61064646 1364.98378238 1592.51699428  482.00430766
  576.89703988  919.91639724  465.72044227 1881.99017175 2219.7951801
  558.31341674 1016.50005639  623.96501643 2100.60511819  263.33322642
  537.54691177  535.80089687 1454.34159397 1685.75971417 2115.61660645
  338.1983876   370.08987513  397.32181729  263.03951828  373.73609432
 1900.81599709 2052.44665972  991.34106112  860.00354784 1207.72866128
  771.61462588 1213.34436794  297.24076774 1591.24001736 1578.56169554
  744.24652722 2170.67779752 1421.71563546 1992.40182926  882.81781082
 1215.98968513  849.76726954 1065.65710604  374.5037445  1348.89356455
 1357.60154504 1898.98271988 1586.0761422   966.75370634 1248.75957526
  296.70555306 1248.64382817 2013.19104095 1945.99251382 1996.03847606
 1126.11720431 1270.59233237  245.46392478  619.15977909 1988.84683153
 1351.5450167  1424.14570699 2143.24766293 1671.76008185  450.11277571
  335.42401396  424.17599158  478.94686544 1175.02081776 1781.43772778
 1582.47929224 1498.09571638 1366.88088269 2160.63829493  705.3167644
 1378.76644376  563.3480267  1617.82260387 2130.46649085 1503.07507522
  577.13402904  983.05086896  764.10789255 2078.75079796 2118.45632455
 1250.665635   2187.889734   1117.20277891  422.79512983  464.88894572
  445.02307892 1380.26521115 1927.47550524 1966.12382253 1165.05215
 1677.94142654 1467.57274553 1090.78684693  943.74035609 2098.49096774
  531.52482165  679.33963216 1632.56064934 1780.51625812 1986.97741469
  579.8536944   796.60828264  508.94990695 1378.99857266  268.16417278
  603.58615115 2200.75787432  855.10714289 2218.22772023 2206.5132078
  614.48625234 1144.99160902 1354.07772911  899.65837363 1174.72398417
 2025.75974771 1502.44620028 1172.23495053 1969.72921025 2018.57757097
 1762.86548053  960.16620289 1255.36857252  654.43510191  862.80890752
 1204.91106748 1982.54472333  925.91801806 1125.28703985 2080.92886912
  618.7127766  1727.98881417 2203.45380632 1955.07840493 2105.79049527
 1473.13179324 1845.59689629 1467.2404207  1616.01364107 1029.98051445
 1601.81546737 1840.09396314 1305.77994396  635.03701821 1761.44915379
 1711.57014593 1283.0777839  1960.25222609  642.82907703 1452.29359075
 1275.83733452 2142.29666053  530.87379618  822.56632707 1046.82421737
 1608.14843751 1520.99544008 1808.62669705  259.30118012  645.12993971
 1044.69654566 1140.9827234  1398.52240936 1873.78218455  948.49643936
 1109.63731329 1852.42807804 1891.0859059   562.84463364 1188.75401222
  333.91220259 1899.61022512  485.30103032  774.2106496   462.48719865
  295.89787602 1950.50695429 1833.22430653  593.71218095 1552.93376348
  706.0867584  1453.87116529  489.3587058   321.65073783  350.04183197
  685.41168737 1488.03001349 1395.38894899  403.87306259 1916.61342641
 2201.19215419 1363.33927555  908.27142821  345.40447888 1442.17164447
 1380.13166484 2032.64836526 2122.31700613 1304.05071514 1371.63887117
 1332.6649055  1004.39589157  335.26223546  583.03521758 1794.25545477
  918.78346721 2018.46981766 1720.91771164  324.52913358 1161.87990996
  235.61555029 1037.16791273  745.85186618 1226.31202692 1849.62636942
 1890.07069315 1253.3405904   861.94832557 1014.91998162  505.67183315
 1017.19661519 1209.09711974 1275.70682637  281.00542343 1184.40618383
  322.64982273 1575.0956148   855.43928225  438.98809005 1852.98486979
 1635.42622899 1766.58185079 1765.12761318 1716.24862361  640.25735688
  337.18903383  999.49166923 2061.6116847   478.1335677  1939.34588907
  369.93402539 1148.55333963 1778.02740447  722.81612846 1725.93678408
  314.50048862  957.50533752 2104.82910562 1356.89274822  977.37938414
 1426.97860581  309.35301422  981.1818161  1360.66778632 2008.19008681
  407.07309725  365.5613193  2206.78018126  807.12214966 1325.59158827
 1910.76674691 1612.37002953 1564.67682454  742.85574119 1557.6112556
 1591.3750696  1817.75189007 1392.29977039  838.13158215 1746.75441018
 1203.59653963  341.6949569  1248.56555832 1821.45072005 1752.73918047
 1189.46982423 1972.32674594 2150.58574039 1196.2581241  1566.92650686
 2103.29253294 2169.40530435  848.70560492 1448.83423871 2148.19233131
  949.15693497 1849.01016406 1905.72024837 2130.02764066  415.67890119
  343.51750011  377.69429655  447.42806589 1557.98446171  317.08251763
  569.14700162  779.19589003 2205.40084398  516.8678151  2034.37365406
 1891.15538556 1474.01759016 1885.7933     2003.03483405 2069.13609909
 1982.10613401 1434.2810382  1776.7129059   908.83423018 1844.70391375
 1741.63390557 1250.46526858 1247.02832608  844.35024645 1909.21404387]